[gd_scene load_steps=4 format=2]

[ext_resource path="res://assets/Characters/Models/Pfhor Hunter/Pfhor_hunter_gameReady.dae" type="PackedScene" id=1]
[ext_resource path="res://Joyeuse/Basics/AutoIK/AutoIK.gd" type="Script" id=2]
[ext_resource path="res://Joyeuse/Basics/AutoIK/BoneHandler.gd" type="Script" id=3]

[node name="Scene Root" index="0" instance=ExtResource( 1 )]

[node name="AutoIK" type="SkeletonIK" parent="metarig/Skeleton" index="9"]
root_bone = "upper_arm.L"
tip_bone = "hand.L"
use_magnet = true
magnet = Vector3( 1.63589, 3.86913, -0.22761 )
target_node = NodePath("../../LHand_Target")
script = ExtResource( 2 )
Magnet = NodePath("../../LHand_Magnet")

[node name="Position3D" type="Position3D" parent="metarig/Skeleton" index="10"]
transform = Transform( 0.144557, -0.827089, -0.543164, -0.132536, -0.560168, 0.817708, -0.98058, -0.0462164, -0.190595, 1.28663, 1.81258, 0.216157 )
script = ExtResource( 3 )

[node name="LHand_Target" type="Position3D" parent="metarig" index="1"]
transform = Transform( 0.144557, -0.827089, -0.543164, -0.132536, -0.560168, 0.817708, -0.98058, -0.0462164, -0.190595, 1.28663, 1.81258, 0.216157 )

[node name="LHand_Magnet" type="Position3D" parent="metarig" index="2"]
transform = Transform( 1, 0, 0, 0, 1, 0, 0, 0, 1, 1.63589, 3.86913, -0.22761 )

[node name="DirectionalLight" type="DirectionalLight" parent="." index="3"]
transform = Transform( 1, 0, 0, 0, 0.692849, 0.721083, 0, -0.721083, 0.692849, 0, 0, 4.7922 )
light_energy = 5.0
light_indirect_energy = 5.0
shadow_enabled = true
