[gd_scene load_steps=5 format=2]

[ext_resource path="res://addons/jigglebones/jigglebone.gd" type="Script" id=1]
[ext_resource path="res://addons/sade/ik_look_at.gd" type="Script" id=2]
[ext_resource path="res://assets/Characters/Models/MADD/MADD.glb" type="PackedScene" id=3]
[ext_resource path="res://assets/Particles/FlameThrower.tscn" type="PackedScene" id=4]

[node name="MADD" instance=ExtResource( 3 )]

[node name="Armature" parent="." index="0"]
transform = Transform( 1, 0, 0, 0, 1, 0, 0, 0, 1, -0.44603, -0.0486956, 0 )

[node name="Skeleton" parent="Armature" index="0"]
transform = Transform( 1, 0, 0, 0, 1, 0, 0, 0, 1, 0, -0.0512242, 0 )
bones/1/bound_children = [ NodePath("BoneAttachment") ]

[node name="Jigglebone" type="Spatial" parent="Armature/Skeleton" index="23"]
transform = Transform( 0.143597, -4.59377e-05, 0.989634, -6.35705e-06, -0.999999, -4.54085e-05, 0.989632, -2.85835e-07, -0.143597, 1.28218, 0.828068, 0.277238 )
script = ExtResource( 1 )
bone_name = "gas_2"
stiffness = 11.1
damping = 1.8
use_gravity = true
gravity = Vector3( 0, -0.1, 0 )
forward_axis = 1

[node name="Jigglebone2" type="Spatial" parent="Armature/Skeleton" index="24"]
transform = Transform( 0.0456832, -2.99858e-06, 0.998953, 0.000137228, -0.999999, -9.43378e-06, 0.998954, 0.000136967, -0.045683, 0.317586, 1.13643, -0.934372 )
script = ExtResource( 1 )
bone_name = "tank_2"
stiffness = 11.1
damping = 1.8
use_gravity = true
gravity = Vector3( 0, -0.1, 0 )
forward_axis = 1

[node name="BoneAttachment" type="BoneAttachment" parent="Armature/Skeleton" index="25"]
transform = Transform( 0.995399, -3.14633e-10, -0.0958126, -3.14633e-10, 1, -6.55256e-09, 0.0958126, 6.55256e-09, 0.995399, 0.0450751, 1.17093, -0.0568472 )
bone_name = "main"

[node name="Flame" parent="Armature/Skeleton/BoneAttachment" index="0" instance=ExtResource( 4 )]
transform = Transform( -4.47035e-08, -6.81456e-09, -1, 6.29316e-09, 1, -6.81455e-09, 1, -6.29316e-09, -4.47035e-08, 0.973611, 0.894379, 1.14309 )

[node name="Target" type="Spatial" parent="Armature" index="1"]
transform = Transform( 1, 0, 0, 0, 1, 0, 0, 0, 1, -0.223822, 0, 10.4334 )
script = ExtResource( 2 )
skeleton_path = NodePath("../Skeleton")
bone_name = "main"
use_our_rotation_x = true
use_our_rotation_z = true
additional_rotation = Vector3( 0, 175, 0 )
