[gd_scene load_steps=59 format=2]

[ext_resource path="res://Models/Officer/Officer.dae" type="PackedScene" id=1]
[ext_resource path="res://huh.hdr" type="Texture" id=2]

[sub_resource type="CapsuleShape" id=1]

radius = 0.362342
height = 2.89874

[sub_resource type="CapsuleShape" id=2]

radius = 1.09319
height = 5.40494

[sub_resource type="CapsuleShape" id=3]

radius = 0.694333
height = 5.55466

[sub_resource type="CapsuleShape" id=4]

radius = 0.628145
height = 5.02516

[sub_resource type="CapsuleShape" id=5]

radius = 1.08764
height = 8.70109

[sub_resource type="CapsuleShape" id=6]

radius = 0.243361
height = 1.94689

[sub_resource type="CapsuleShape" id=7]

radius = 0.535378
height = 4.28302

[sub_resource type="CapsuleShape" id=8]

radius = 1.11744
height = 8.93952

[sub_resource type="CapsuleShape" id=9]

radius = 0.965327
height = 7.72262

[sub_resource type="CapsuleShape" id=10]

radius = 0.753611
height = 0.958433

[sub_resource type="CapsuleShape" id=11]

radius = 0.136258
height = 1.09007

[sub_resource type="CapsuleShape" id=12]

radius = 0.0997576
height = 0.798061

[sub_resource type="CapsuleShape" id=13]

radius = 0.0906343
height = 0.725075

[sub_resource type="CapsuleShape" id=14]

radius = 0.0889452
height = 0.711562

[sub_resource type="CapsuleShape" id=15]

radius = 0.103505
height = 0.828036

[sub_resource type="CapsuleShape" id=16]

radius = 0.0953304
height = 0.762643

[sub_resource type="CapsuleShape" id=17]

radius = 0.0763237
height = 0.61059

[sub_resource type="CapsuleShape" id=18]

radius = 0.0630903
height = 0.504723

[sub_resource type="CapsuleShape" id=19]

radius = 0.0607378
height = 0.485902

[sub_resource type="CapsuleShape" id=20]

radius = 1.11744
height = 8.93952

[sub_resource type="CapsuleShape" id=21]

radius = 1.11744
height = 8.93952

[sub_resource type="CapsuleShape" id=22]

radius = 0.965326
height = 7.72261

[sub_resource type="CapsuleShape" id=23]

radius = 0.535378
height = 4.28302

[sub_resource type="CapsuleShape" id=24]

radius = 1.11744
height = 8.93953

[sub_resource type="CapsuleShape" id=25]

radius = 0.965327
height = 7.72261

[sub_resource type="CapsuleShape" id=26]

radius = 0.742718
height = 1.39378

[sub_resource type="CapsuleShape" id=27]

radius = 0.136258
height = 1.09007

[sub_resource type="CapsuleShape" id=28]

radius = 0.099758
height = 0.798064

[sub_resource type="CapsuleShape" id=29]

radius = 0.0906343
height = 0.725075

[sub_resource type="CapsuleShape" id=30]

radius = 0.0889452
height = 0.711562

[sub_resource type="CapsuleShape" id=31]

radius = 0.103505
height = 0.828036

[sub_resource type="CapsuleShape" id=32]

radius = 0.0953299
height = 0.762639

[sub_resource type="CapsuleShape" id=33]

radius = 0.0763241
height = 0.610593

[sub_resource type="CapsuleShape" id=34]

radius = 0.0630907
height = 0.504726

[sub_resource type="CapsuleShape" id=35]

radius = 0.0607378
height = 0.485902

[sub_resource type="CapsuleShape" id=36]

radius = 1.11744
height = 8.93951

[sub_resource type="CapsuleShape" id=37]

radius = 1.11744
height = 8.93952

[sub_resource type="CapsuleShape" id=38]

radius = 0.965328
height = 7.72262

[sub_resource type="CapsuleShape" id=39]

radius = 0.660998
height = 5.28799

[sub_resource type="CapsuleShape" id=40]

radius = 1.57535
height = 12.6028

[sub_resource type="CapsuleShape" id=41]

radius = 1.57548
height = 12.6039

[sub_resource type="CapsuleShape" id=42]

radius = 0.362342
height = 2.89873

[sub_resource type="CapsuleShape" id=43]

radius = 1.57535
height = 12.6028

[sub_resource type="CapsuleShape" id=44]

radius = 1.57555
height = 12.6044

[sub_resource type="CapsuleShape" id=45]

radius = 0.362345
height = 2.89876

[sub_resource type="CapsuleShape" id=46]

radius = 1.57535
height = 12.6028

[sub_resource type="CapsuleShape" id=47]

radius = 1.57535
height = 12.6028

[sub_resource type="CapsuleShape" id=48]

radius = 1.57535
height = 12.6028

[sub_resource type="CapsuleShape" id=49]

radius = 1.57548
height = 12.6039

[sub_resource type="CapsuleShape" id=50]

radius = 0.362344
height = 2.89875

[sub_resource type="CapsuleShape" id=51]

radius = 1.57535
height = 12.6028

[sub_resource type="CapsuleShape" id=52]

radius = 1.57548
height = 12.6038

[sub_resource type="CapsuleShape" id=53]

radius = 0.362339
height = 2.89872

[sub_resource type="CapsuleShape" id=54]

radius = 0.362342
height = 2.89874

[sub_resource type="PanoramaSky" id=55]

panorama = ExtResource( 2 )

[sub_resource type="Environment" id=56]

background_mode = 2
background_sky = SubResource( 55 )
tonemap_mode = 2
tonemap_white = 4.39
ss_reflections_enabled = true
dof_blur_far_enabled = true
dof_blur_far_distance = 649.93
dof_blur_far_amount = 0.03
glow_enabled = true
glow_levels/1 = true
glow_levels/7 = true

[node name="Scene Root" index="0" instance=ExtResource( 1 )]

[node name="Physical Bone L_foot_IK" type="PhysicalBone" parent="Riggus Universalis/Skeleton" index="26"]
editor/display_folded = true
transform = Transform( -0.973287, -0.0103014, -0.229389, -0.0977922, 0.922455, 0.373486, 0.207754, 0.38594, -0.898822, 5.37593, 3.05209, -1.82317 )
joint_type = 2
joint_offset = Transform( 1, 0, 0, 0, 1, 0, 0, 0, 1, 5.28231, 8.6841, -10.4568 )
body_offset = Transform( 0.957828, -0.0577773, 0.260287, -0.0079863, 0.963951, 0.243356, -0.266502, -0.236535, 0.928186, -1.83603, -5.78412, 13.1677 )
bone_name = "L_foot_IK"
joint_constraints/swing_span = 45.0
joint_constraints/twist_span = 180.0
joint_constraints/bias = 0.3
joint_constraints/softness = 0.8
joint_constraints/relaxation = 1.0

[node name="CollisionShape" type="CollisionShape" parent="Riggus Universalis/Skeleton/Physical Bone L_foot_IK" index="0"]
shape = SubResource( 1 )

[node name="Physical Bone main" type="PhysicalBone" parent="Riggus Universalis/Skeleton" index="27"]
editor/display_folded = true
transform = Transform( 1, 2.38419e-007, 1.62762e-014, -2.80303e-014, 2.38419e-007, -1, -2.38419e-007, 1, 1.85837e-007, -3.26904e-013, 20.7407, -3.62565e-006 )
joint_type = 2
joint_offset = Transform( 1, 0, 0, 0, 1, 0, 0, 0, 1, 8.49923e-019, -1.05697e-011, 20.0849 )
body_offset = Transform( 1, 2.84217e-014, -3.93023e-019, -2.84217e-014, 1, 2.47269e-012, -6.09864e-020, 2.84217e-014, 1, 7.04391e-018, -3.9094e-011, -20.0849 )
bone_name = "main"
joint_constraints/swing_span = 45.0
joint_constraints/twist_span = 180.0
joint_constraints/bias = 0.3
joint_constraints/softness = 0.8
joint_constraints/relaxation = 1.0

[node name="CollisionShape" type="CollisionShape" parent="Riggus Universalis/Skeleton/Physical Bone main" index="0"]
transform = Transform( 1, 0, -2.71051e-020, 0, 1, 1.13687e-013, 0, 0, 1, -1.1833e-012, 6.17107e-006, -17.6946 )
shape = SubResource( 2 )

[node name="Physical Bone pelvis" type="PhysicalBone" parent="Riggus Universalis/Skeleton" index="28"]
editor/display_folded = true
transform = Transform( 1.00003, 2.38419e-007, 4.55218e-011, -9.43107e-011, 9.76131e-007, -1, -2.38255e-007, 1, 6.31418e-007, 1.59767e-005, 33.2674, 1.54377 )
joint_type = 2
joint_offset = Transform( 1, 0, 0, 0, 1, 0, 0, 0, 1, -0.405938, -0.391441, 5.06685 )
body_offset = Transform( 1.00003, 3.62226e-009, -4.13556e-008, 3.80804e-009, 0.984808, 0.173649, 4.14653e-008, -0.173649, 0.984808, 0.405952, -0.494358, -5.05785 )
bone_name = "pelvis"
joint_constraints/swing_span = 45.0
joint_constraints/twist_span = 180.0
joint_constraints/bias = 0.3
joint_constraints/softness = 0.8
joint_constraints/relaxation = 1.0

[node name="CollisionShape" type="CollisionShape" parent="Riggus Universalis/Skeleton/Physical Bone pelvis" index="0"]
shape = SubResource( 3 )

[node name="Physical Bone abdomen" type="PhysicalBone" parent="Riggus Universalis/Skeleton" index="29"]
editor/display_folded = true
transform = Transform( 0.999964, -0.00322961, -0.00864813, -0.00680699, 0.37522, -0.926915, 0.00622849, 0.926936, 0.375183, 0.0271601, 39.652, 0.364545 )
joint_type = 2
joint_offset = Transform( 1, 0, 0, 0, 1, 0, 0, 0, 1, -0.389246, 0.118104, 5.02801 )
body_offset = Transform( 0.979075, -0.176716, -0.100992, 0.191678, 0.967392, 0.165593, 0.0684357, -0.181483, 0.981015, 0.909759, -0.872245, -4.88448 )
bone_name = "abdomen"
joint_constraints/swing_span = 45.0
joint_constraints/twist_span = 180.0
joint_constraints/bias = 0.3
joint_constraints/softness = 0.8
joint_constraints/relaxation = 1.0

[node name="CollisionShape" type="CollisionShape" parent="Riggus Universalis/Skeleton/Physical Bone abdomen" index="0"]
shape = SubResource( 4 )

[node name="Physical Bone chest" type="PhysicalBone" parent="Riggus Universalis/Skeleton" index="30"]
transform = Transform( 0.999974, -0.00549924, -0.00499355, -0.00491381, 0.0143834, -0.999891, 0.00556829, 0.99988, 0.0143597, 0.0814159, 47.9999, -0.890633 )
joint_type = 2
joint_offset = Transform( 1, 0, 0, 0, 1, 0, 0, 0, 1, -0.822971, 1.89716, 6.85113 )
body_offset = Transform( 0.949984, -0.310119, -0.0368875, 0.311299, 0.930829, 0.191442, -0.0250333, -0.193344, 0.980818, 1.62288, -2.82133, -6.3735 )
bone_name = "chest"
joint_constraints/swing_span = 45.0
joint_constraints/twist_span = 180.0
joint_constraints/bias = 0.3
joint_constraints/softness = 0.8
joint_constraints/relaxation = 1.0

[node name="CollisionShape" type="CollisionShape" parent="Riggus Universalis/Skeleton/Physical Bone chest" index="0"]
shape = SubResource( 5 )

[node name="Physical Bone neck" type="PhysicalBone" parent="Riggus Universalis/Skeleton" index="31"]
transform = Transform( -1, -1.96711e-008, 5.24563e-008, 3.37214e-008, 0.538236, -0.842799, 3.45088e-006, -0.8428, -0.538236, 0.108629, 54.4619, -0.314711 )
joint_type = 1
joint_offset = Transform( 1, 0, 0, 0, 1, 0, 0, 0, 1, 0.580836, -4.22839, 0.36763 )
body_offset = Transform( 0.994575, -0.101043, -0.0247387, 0.0943625, 0.97641, -0.194239, 0.0437787, 0.190851, 0.980647, -0.995839, 4.14524, 0.421047 )
bone_name = "neck"
joint_constraints/bias = 0.3
joint_constraints/damping = 1.0
joint_constraints/impulse_clamp = 0.0

[node name="CollisionShape" type="CollisionShape" parent="Riggus Universalis/Skeleton/Physical Bone neck" index="0"]
shape = SubResource( 6 )

[node name="Physical Bone L_clav" type="PhysicalBone" parent="Riggus Universalis/Skeleton" index="32"]
transform = Transform( 2.09825e-007, 0.401912, -0.915682, 1.66805e-007, 0.915682, 0.401912, 1, 2.88488e-006, -7.45826e-006, 2.55933, 52.3612, -0.969274 )
joint_type = 1
joint_offset = Transform( 1, 0, 0, 0, 1, 0, 0, 0, 1, 4.02041, -1.66248, 2.58099 )
body_offset = Transform( 0.930813, -0.0525573, -0.361705, 0.0535109, 0.998544, -0.00739469, 0.361557, -0.0124707, 0.932267, -2.89606, 1.46401, -3.88051 )
bone_name = "L_clav"
joint_constraints/bias = 0.3
joint_constraints/damping = 1.0
joint_constraints/impulse_clamp = 0.0

[node name="CollisionShape" type="CollisionShape" parent="Riggus Universalis/Skeleton/Physical Bone L_clav" index="0"]
shape = SubResource( 7 )

[node name="Physical Bone L_bicep" type="PhysicalBone" parent="Riggus Universalis/Skeleton" index="33"]
transform = Transform( -0.00719684, -0.727143, -0.686115, 0.00391946, -0.686144, 0.727114, -0.999689, 0.00253747, 0.00778671, 8.84424, 47.2216, -1.01008 )
joint_type = 1
joint_offset = Transform( 1, 0, 0, 0, 1, 0, 0, 0, 1, -2.08143, 1.57837, 5.22739 )
body_offset = Transform( 0.871856, -0.216413, 0.438738, 0.0144136, 0.907596, 0.419056, -0.488983, -0.359126, 0.794613, -0.137169, -3.59309, -4.6047 )
bone_name = "L_bicep"
joint_constraints/bias = 0.3
joint_constraints/damping = 1.0
joint_constraints/impulse_clamp = 0.0

[node name="CollisionShape" type="CollisionShape" parent="Riggus Universalis/Skeleton/Physical Bone L_bicep" index="0"]
shape = SubResource( 8 )

[node name="Physical Bone L_forearn" type="PhysicalBone" parent="Riggus Universalis/Skeleton" index="34"]
transform = Transform( 0.243368, -0.774619, -0.583482, -0.30982, -0.632153, 0.709977, -0.918938, 0.00797696, -0.393897, 15.4949, 39.7302, 0.845724 )
joint_type = 1
joint_offset = Transform( 1, 0, 0, 0, 1, 0, 0, 0, 1, 2.51341, 5.70003, 7.59214 )
body_offset = Transform( 0.962895, 0.243988, -0.113885, -0.189136, 0.91393, 0.358717, 0.191632, -0.323909, 0.926297, -2.94626, -7.45749, -5.66794 )
bone_name = "L_forearn"
joint_constraints/bias = 0.3
joint_constraints/damping = 1.0
joint_constraints/impulse_clamp = 0.0

[node name="CollisionShape" type="CollisionShape" parent="Riggus Universalis/Skeleton/Physical Bone L_forearn" index="0"]
shape = SubResource( 9 )

[node name="Physical Bone L_hand" type="PhysicalBone" parent="Riggus Universalis/Skeleton" index="35"]
transform = Transform( 0.0466418, -0.801401, -0.596071, -0.2968, -0.580889, 0.757771, -0.953638, 0.141587, -0.264999, 18.831, 35.643, 2.97739 )
joint_type = 1
joint_offset = Transform( 1, 0, 0, 0, 1, 0, 0, 0, 1, 2.3982, 8.63635, 4.05057 )
body_offset = Transform( 0.973729, 0.220628, -0.0535865, -0.182657, 0.901442, 0.392114, 0.134834, -0.372086, 0.918214, -4.02357, -8.93541, -0.829189 )
bone_name = "L_hand"
joint_constraints/bias = 0.3
joint_constraints/damping = 1.0
joint_constraints/impulse_clamp = 0.0

[node name="CollisionShape" type="CollisionShape" parent="Riggus Universalis/Skeleton/Physical Bone L_hand" index="0"]
transform = Transform( 1, 0, 0, -7.45058e-008, 1, 1.49012e-008, 5.96046e-008, -1.86265e-008, 1, 0.345005, 0.23521, -1.11592 )
shape = SubResource( 10 )

[node name="Physical Bone L_00" type="PhysicalBone" parent="Riggus Universalis/Skeleton" index="36"]
transform = Transform( -0.561654, -0.797794, 0.219275, -0.41239, 0.499697, 0.761734, -0.717277, 0.337402, -0.60966, 18.3257, 35.0604, 4.73748 )
joint_type = 1
joint_offset = Transform( 1, 0, 0, 0, 1, 0, 0, 0, 1, 7.57872, 5.04484, -2.49527 )
body_offset = Transform( 0.804181, 0.0222093, 0.593982, -0.256951, 0.914096, 0.313708, -0.535983, -0.404903, 0.740796, -4.72456, -1.88132, 7.95323 )
bone_name = "L_00"
joint_constraints/bias = 0.3
joint_constraints/damping = 1.0
joint_constraints/impulse_clamp = 0.0

[node name="CollisionShape" type="CollisionShape" parent="Riggus Universalis/Skeleton/Physical Bone L_00" index="0"]
shape = SubResource( 11 )

[node name="Physical Bone L_10" type="PhysicalBone" parent="Riggus Universalis/Skeleton" index="37"]
transform = Transform( 0.0210557, -0.941721, -0.33497, -0.561278, -0.28839, 0.775459, -0.827095, 0.171715, -0.53476, 19.8585, 33.4555, 4.47874 )
joint_type = 1
joint_offset = Transform( 1, 0, 0, 0, 1, 0, 0, 0, 1, 2.86056, 9.94586, 1.9394 )
body_offset = Transform( 0.979164, 0.165083, 0.116396, -0.0613109, -0.306072, 0.949778, 0.192459, -0.937316, -0.289628, -4.66858, 1.37754, 9.33357 )
bone_name = "L_10"
joint_constraints/bias = 0.3
joint_constraints/damping = 1.0
joint_constraints/impulse_clamp = 0.0

[node name="CollisionShape" type="CollisionShape" parent="Riggus Universalis/Skeleton/Physical Bone L_10" index="0"]
shape = SubResource( 12 )

[node name="Physical Bone L_11" type="PhysicalBone" parent="Riggus Universalis/Skeleton" index="38"]
transform = Transform( -0.0264766, -0.989014, -0.144083, -0.398464, -0.121733, 0.908874, -0.916612, 0.0814901, -0.390935, 20.091, 32.6564, 4.92252 )
joint_type = 1
joint_offset = Transform( 1, 0, 0, 0, 1, 0, 0, 0, 1, 2.94645, 11.1475, 0.464821 )
body_offset = Transform( 0.988039, -0.0986304, -0.11707, -0.111885, -0.98712, -0.112628, -0.104472, 0.124396, -0.986535, -1.75731, 11.3859, -0.620323 )
bone_name = "L_11"
joint_constraints/bias = 0.3
joint_constraints/damping = 1.0
joint_constraints/impulse_clamp = 0.0

[node name="CollisionShape" type="CollisionShape" parent="Riggus Universalis/Skeleton/Physical Bone L_11" index="0"]
shape = SubResource( 13 )

[node name="Physical Bone L_20" type="PhysicalBone" parent="Riggus Universalis/Skeleton" index="39"]
transform = Transform( -0.0223455, -0.9462, -0.321998, -0.240657, -0.307517, 0.920353, -0.970078, 0.0980877, -0.220893, 20.3321, 33.1941, 3.91181 )
joint_type = 1
joint_offset = Transform( 1, 0, 0, 0, 1, 0, 0, 0, 1, 2.39891, 10.3841, 0.626005 )
body_offset = Transform( 0.961219, -0.000281729, -0.274837, 0.271683, 0.151557, 0.950121, 0.0413967, -0.988187, 0.145813, -2.1309, -2.8203, 10.0708 )
bone_name = "L_20"
joint_constraints/bias = 0.3
joint_constraints/damping = 1.0
joint_constraints/impulse_clamp = 0.0

[node name="CollisionShape" type="CollisionShape" parent="Riggus Universalis/Skeleton/Physical Bone L_20" index="0"]
shape = SubResource( 14 )

[node name="Physical Bone L_21" type="PhysicalBone" parent="Riggus Universalis/Skeleton" index="40"]
transform = Transform( -0.050036, -0.994337, -0.0910858, -0.22561, -0.0775884, 0.970876, -0.972685, 0.0691502, -0.2205, 20.5226, 32.2823, 4.12904 )
joint_type = 1
joint_offset = Transform( 1, 0, 0, 0, 1, 0, 0, 0, 1, 2.62778, 11.1054, -1.24547 )
body_offset = Transform( 0.959089, -0.164393, -0.229446, -0.0770937, -0.934357, 0.347198, -0.271523, -0.315372, -0.909024, -0.980392, 11.0115, 3.08368 )
bone_name = "L_21"
joint_constraints/bias = 0.3
joint_constraints/damping = 1.0
joint_constraints/impulse_clamp = 0.0

[node name="CollisionShape" type="CollisionShape" parent="Riggus Universalis/Skeleton/Physical Bone L_21" index="0"]
shape = SubResource( 15 )

[node name="Physical Bone L_30" type="PhysicalBone" parent="Riggus Universalis/Skeleton" index="41"]
transform = Transform( -0.0737723, -0.975054, -0.209347, -0.0834186, -0.203154, 0.975572, -0.993776, 0.0894433, -0.0663546, 20.383, 32.751, 2.96063 )
joint_type = 1
joint_offset = Transform( 1, 0, 0, 0, 1, 0, 0, 0, 1, 2.31788, 10.5239, -0.990186 )
body_offset = Transform( 0.998205, 0.000876494, -0.0598096, 0.0579927, -0.259679, 0.963939, -0.0146807, -0.965696, -0.259259, -2.38217, 3.5529, 9.94022 )
bone_name = "L_30"
joint_constraints/bias = 0.3
joint_constraints/damping = 1.0
joint_constraints/impulse_clamp = 0.0

[node name="CollisionShape" type="CollisionShape" parent="Riggus Universalis/Skeleton/Physical Bone L_30" index="0"]
shape = SubResource( 16 )

[node name="Physical Bone L_31" type="PhysicalBone" parent="Riggus Universalis/Skeleton" index="42"]
transform = Transform( -0.0963443, -0.985565, -0.139232, -0.109183, -0.128572, 0.985668, -0.98934, 0.110165, -0.0950892, 20.5359, 31.9077, 3.02369 )
joint_type = 1
joint_offset = Transform( 1, 0, 0, 0, 1, 0, 0, 0, 1, 2.64705, 11.3295, -0.664939 )
body_offset = Transform( 0.991054, 0.0262463, -0.130978, 0.0160512, -0.996799, -0.0783741, -0.13249, 0.0755557, -0.988267, -3.00782, 11.1987, -1.16244 )
bone_name = "L_31"
joint_constraints/bias = 0.3
joint_constraints/damping = 1.0
joint_constraints/impulse_clamp = 0.0

[node name="CollisionShape" type="CollisionShape" parent="Riggus Universalis/Skeleton/Physical Bone L_31" index="0"]
shape = SubResource( 17 )

[node name="Physical Bone L_40" type="PhysicalBone" parent="Riggus Universalis/Skeleton" index="43"]
transform = Transform( 0.00930221, -0.964629, -0.26347, 0.0327853, -0.263046, 0.964225, -0.999425, -0.0175886, 0.0291313, 20.2684, 32.9228, 2.03291 )
joint_type = 1
joint_offset = Transform( 1, 0, 0, 0, 1, 0, 0, 0, 1, 1.0349, 10.8178, -0.797239 )
body_offset = Transform( 0.989025, 0.101628, 0.107328, -0.0984324, -0.0884091, 0.991202, 0.110238, -0.990893, -0.0774316, -2.03738, 1.84849, 10.5435 )
bone_name = "L_40"
joint_constraints/bias = 0.3
joint_constraints/damping = 1.0
joint_constraints/impulse_clamp = 0.0

[node name="CollisionShape" type="CollisionShape" parent="Riggus Universalis/Skeleton/Physical Bone L_40" index="0"]
shape = SubResource( 18 )

[node name="Physical Bone L_41" type="PhysicalBone" parent="Riggus Universalis/Skeleton" index="44"]
transform = Transform( 0.0162898, -0.994181, -0.106502, 0.0525995, -0.105523, 0.993023, -0.998484, -0.0217684, 0.0505204, 20.3839, 32.3168, 2.00863 )
joint_type = 1
joint_offset = Transform( 1, 0, 0, 0, 1, 0, 0, 0, 1, 0.820969, 11.2356, -1.96527 )
body_offset = Transform( 0.927885, 0.360689, -0.0944493, 0.370425, -0.920692, 0.123006, -0.0426439, -0.149118, -0.987896, -4.99995, 10.2822, -0.231039 )
bone_name = "L_41"
joint_constraints/bias = 0.3
joint_constraints/damping = 1.0
joint_constraints/impulse_clamp = 0.0

[node name="CollisionShape" type="CollisionShape" parent="Riggus Universalis/Skeleton/Physical Bone L_41" index="0"]
shape = SubResource( 19 )

[node name="Physical Bone L_bicep_IK" type="PhysicalBone" parent="Riggus Universalis/Skeleton" index="45"]
transform = Transform( -0.00106271, -0.727223, -0.686172, 0.00970444, -0.686147, 0.727192, -0.999794, -0.00589221, 0.00778092, 8.84422, 47.2208, -1.01124 )
joint_type = 1
joint_offset = Transform( 1, 0, 0, 0, 1, 0, 0, 0, 1, -2.0956, 1.56015, 5.22748 )
body_offset = Transform( 0.929044, -0.292063, 0.226413, 0.320521, 0.941742, -0.100388, -0.183923, 0.165852, 0.96869, 1.21899, -0.2728, -5.70799 )
bone_name = "L_bicep_IK"
joint_constraints/bias = 0.3
joint_constraints/damping = 1.0
joint_constraints/impulse_clamp = 0.0

[node name="CollisionShape" type="CollisionShape" parent="Riggus Universalis/Skeleton/Physical Bone L_bicep_IK" index="0"]
shape = SubResource( 20 )

[node name="Physical Bone L_bicep_FK" type="PhysicalBone" parent="Riggus Universalis/Skeleton" index="46"]
transform = Transform( -0.00105839, -0.727191, -0.68613, 0.00970482, -0.686097, 0.727142, -0.999719, -0.00588914, 0.00778374, 8.84396, 47.2221, -1.01089 )
joint_type = 1
joint_offset = Transform( 1, 0, 0, 0, 1, 0, 0, 0, 1, -2.0954, 1.5609, 5.22669 )
body_offset = Transform( 0.873687, -0.209059, 0.438756, 0.00675391, 0.907701, 0.419061, -0.485961, -0.36324, 0.794639, -0.136198, -3.59298, -4.60464 )
bone_name = "L_bicep_FK"
joint_constraints/bias = 0.3
joint_constraints/damping = 1.0
joint_constraints/impulse_clamp = 0.0

[node name="CollisionShape" type="CollisionShape" parent="Riggus Universalis/Skeleton/Physical Bone L_bicep_FK" index="0"]
shape = SubResource( 21 )

[node name="Physical Bone L_forearn_FK" type="PhysicalBone" parent="Riggus Universalis/Skeleton" index="47"]
transform = Transform( 0.242157, -0.774912, -0.583453, -0.31078, -0.631629, 0.709937, -0.918853, 0.00939649, -0.393873, 15.4941, 39.7308, 0.845772 )
joint_type = 1
joint_offset = Transform( 1, 0, 0, 0, 1, 0, 0, 0, 1, 2.52283, 5.6964, 7.59176 )
body_offset = Transform( 0.963201, 0.242485, -0.113881, -0.187713, 0.914131, 0.358701, 0.191109, -0.324189, 0.926245, -2.94673, -7.45686, -5.66726 )
bone_name = "L_forearn_FK"
joint_constraints/bias = 0.3
joint_constraints/damping = 1.0
joint_constraints/impulse_clamp = 0.0

[node name="CollisionShape" type="CollisionShape" parent="Riggus Universalis/Skeleton/Physical Bone L_forearn_FK" index="0"]
shape = SubResource( 22 )

[node name="Physical Bone R_clav" type="PhysicalBone" parent="Riggus Universalis/Skeleton" index="48"]
transform = Transform( -1.96337e-006, 0.401906, 0.915669, 7.04609e-006, -0.915678, 0.401906, 0.999952, 1.11561e-005, -2.75218e-006, -2.55888, 52.3603, -0.968767 )
joint_type = 1
joint_offset = Transform( 1, 0, 0, 0, 1, 0, 0, 0, 1, 4.08733, 1.20569, 1.52415 )
body_offset = Transform( 0.930767, 0.30181, 0.206156, -0.302334, 0.952733, -0.0296561, -0.205356, -0.0347309, 0.978059, -4.48245, 0.132236, -0.609474 )
bone_name = "R_clav"
joint_constraints/bias = 0.3
joint_constraints/damping = 1.0
joint_constraints/impulse_clamp = 0.0

[node name="CollisionShape" type="CollisionShape" parent="Riggus Universalis/Skeleton/Physical Bone R_clav" index="0"]
shape = SubResource( 23 )

[node name="Physical Bone R_bicep" type="PhysicalBone" parent="Riggus Universalis/Skeleton" index="49"]
transform = Transform( -0.00719665, 0.727311, 0.686277, -0.00391402, -0.686308, 0.7273, 0.999964, 0.00254227, 0.00777924, -8.84523, 47.2214, -1.01166 )
joint_type = 1
joint_offset = Transform( 1, 0, 0, 0, 1, 0, 0, 0, 1, 5.1953, 0.891527, 4.13157 )
body_offset = Transform( 0.952448, 0.0458866, 0.301212, -0.159171, 0.917919, 0.363456, -0.259812, -0.394114, 0.881575, -6.23364, -1.49305, -1.94112 )
bone_name = "R_bicep"
joint_constraints/bias = 0.3
joint_constraints/damping = 1.0
joint_constraints/impulse_clamp = 0.0

[node name="CollisionShape" type="CollisionShape" parent="Riggus Universalis/Skeleton/Physical Bone R_bicep" index="0"]
shape = SubResource( 24 )

[node name="Physical Bone R_forearn" type="PhysicalBone" parent="Riggus Universalis/Skeleton" index="50"]
transform = Transform( 0.24341, 0.774727, 0.583573, 0.309873, -0.632251, 0.710099, 0.919096, 0.00798535, -0.393963, -15.4964, 39.7302, 0.845057 )
joint_type = 1
joint_offset = Transform( 1, 0, 0, 0, 1, 0, 0, 0, 1, 7.19117, 5.31179, 1.12019 )
body_offset = Transform( 0.603388, -0.317031, 0.731722, -0.00724204, 0.915366, 0.402569, -0.797419, -0.2482, 0.550023, -3.47473, -5.2611, 6.43664 )
bone_name = "R_forearn"
joint_constraints/bias = 0.3
joint_constraints/damping = 1.0
joint_constraints/impulse_clamp = 0.0

[node name="CollisionShape" type="CollisionShape" parent="Riggus Universalis/Skeleton/Physical Bone R_forearn" index="0"]
shape = SubResource( 25 )

[node name="Physical Bone R_hand" type="PhysicalBone" parent="Riggus Universalis/Skeleton" index="51"]
transform = Transform( 0.0466516, 0.801528, 0.596141, 0.296844, -0.580956, 0.757876, 0.953789, 0.141598, -0.265032, -18.8325, 35.6429, 2.97582 )
joint_type = 1
joint_offset = Transform( 1, 0, 0, 0, 1, 0, 0, 0, 1, 13.3948, 9.78837, 3.38223 )
body_offset = Transform( 0.636855, -0.643766, 0.424251, 0.217897, 0.678129, 0.701902, -0.739556, -0.35456, 0.572143, -3.66407, -11.9305, 11.4417 )
bone_name = "R_hand"
joint_constraints/bias = 0.3
joint_constraints/damping = 1.0
joint_constraints/impulse_clamp = 0.0

[node name="CollisionShape" type="CollisionShape" parent="Riggus Universalis/Skeleton/Physical Bone R_hand" index="0"]
transform = Transform( 1, 5.96046e-008, -1.19209e-007, 0, 1, 1.41561e-007, 0, -2.6077e-008, 1, -0.222604, 0.167671, -0.711523 )
shape = SubResource( 26 )

[node name="Physical Bone R_00" type="PhysicalBone" parent="Riggus Universalis/Skeleton" index="52"]
transform = Transform( -0.561653, 0.797793, -0.219272, 0.41239, 0.499692, 0.761735, 0.717277, 0.337402, -0.60966, -18.3258, 35.0603, 4.73731 )
joint_type = 1
joint_offset = Transform( 1, 0, 0, 0, 1, 0, 0, 0, 1, 4.57139, 13.6172, -8.48454 )
body_offset = Transform( 0.961418, 0.24854, -0.117944, -0.0426714, 0.558234, 0.828589, 0.271776, -0.791586, 0.547298, -8.78014, -0.376322, 14.1804 )
bone_name = "R_00"
joint_constraints/bias = 0.3
joint_constraints/damping = 1.0
joint_constraints/impulse_clamp = 0.0

[node name="CollisionShape" type="CollisionShape" parent="Riggus Universalis/Skeleton/Physical Bone R_00" index="0"]
shape = SubResource( 27 )

[node name="Physical Bone R_10" type="PhysicalBone" parent="Riggus Universalis/Skeleton" index="53"]
transform = Transform( 0.0210544, 0.941966, 0.335055, 0.561395, -0.28845, 0.775658, 0.827282, 0.171761, -0.534895, -19.861, 33.4557, 4.47743 )
joint_type = 1
joint_offset = Transform( 1, 0, 0, 0, 1, 0, 0, 0, 1, 13.8835, 12.9986, -2.13536 )
body_offset = Transform( 0.780052, -0.491623, 0.387088, -0.60112, -0.417028, 0.681729, -0.173717, -0.764461, -0.620829, -3.61286, 15.2222, 11.023 )
bone_name = "R_10"
joint_constraints/bias = 0.3
joint_constraints/damping = 1.0
joint_constraints/impulse_clamp = 0.0

[node name="CollisionShape" type="CollisionShape" parent="Riggus Universalis/Skeleton/Physical Bone R_10" index="0"]
shape = SubResource( 28 )

[node name="Physical Bone R_11" type="PhysicalBone" parent="Riggus Universalis/Skeleton" index="54"]
transform = Transform( -0.0264835, 0.989206, 0.144103, 0.398529, -0.121754, 0.909041, 0.916778, 0.0815031, -0.391004, -20.0933, 32.6564, 4.92112 )
joint_type = 1
joint_offset = Transform( 1, 0, 0, 0, 1, 0, 0, 0, 1, 14.2337, 13.5816, -0.520949 )
body_offset = Transform( 0.691632, -0.144461, 0.70766, 0.122679, -0.942056, -0.312214, 0.711761, 0.302749, -0.633835, -7.51384, 10.8858, -14.573 )
bone_name = "R_11"
joint_constraints/bias = 0.3
joint_constraints/damping = 1.0
joint_constraints/impulse_clamp = 0.0

[node name="CollisionShape" type="CollisionShape" parent="Riggus Universalis/Skeleton/Physical Bone R_11" index="0"]
shape = SubResource( 29 )

[node name="Physical Bone R_20" type="PhysicalBone" parent="Riggus Universalis/Skeleton" index="55"]
transform = Transform( -0.0223586, 0.946455, 0.322073, 0.240715, -0.307581, 0.920574, 0.970339, 0.0981093, -0.220948, -20.3346, 33.1941, 3.91088 )
joint_type = 1
joint_offset = Transform( 1, 0, 0, 0, 1, 0, 0, 0, 1, 15.2925, 12.3467, 2.31433 )
body_offset = Transform( 0.569734, -0.326302, 0.754279, -0.788023, 0.0436355, 0.6141, -0.233292, -0.944263, -0.232272, -6.42955, 10.0908, 15.7637 )
bone_name = "R_20"
joint_constraints/bias = 0.3
joint_constraints/damping = 1.0
joint_constraints/impulse_clamp = 0.0

[node name="CollisionShape" type="CollisionShape" parent="Riggus Universalis/Skeleton/Physical Bone R_20" index="0"]
shape = SubResource( 30 )

[node name="Physical Bone R_21" type="PhysicalBone" parent="Riggus Universalis/Skeleton" index="56"]
transform = Transform( -0.0500475, 0.994585, 0.0911128, 0.225665, -0.0776111, 0.971114, 0.972925, 0.0691643, -0.220555, -20.5249, 32.2823, 4.1288 )
joint_type = 1
joint_offset = Transform( 1, 0, 0, 0, 1, 0, 0, 0, 1, 15.1363, 13.9154, 0.588905 )
body_offset = Transform( 0.593226, -0.0413694, 0.803981, -0.113174, -0.99305, 0.0324116, 0.797048, -0.110213, -0.59378, -8.87704, 15.5126, -10.181 )
bone_name = "R_21"
joint_constraints/bias = 0.3
joint_constraints/damping = 1.0
joint_constraints/impulse_clamp = 0.0

[node name="CollisionShape" type="CollisionShape" parent="Riggus Universalis/Skeleton/Physical Bone R_21" index="0"]
shape = SubResource( 31 )

[node name="Physical Bone R_30" type="PhysicalBone" parent="Riggus Universalis/Skeleton" index="57"]
transform = Transform( -0.0737802, 0.975056, 0.209353, 0.0834306, -0.203154, 0.975594, 0.993778, 0.0894511, -0.0663718, -20.383, 32.751, 2.95976 )
joint_type = 1
joint_offset = Transform( 1, 0, 0, 0, 1, 0, 0, 0, 1, 15.3208, 13.2092, 3.03913 )
body_offset = Transform( 0.741609, -0.203175, 0.639322, -0.644892, -0.478391, 0.59605, 0.184741, -0.854324, -0.485808, -10.6213, 14.388, 9.93098 )
bone_name = "R_30"
joint_constraints/bias = 0.3
joint_constraints/damping = 1.0
joint_constraints/impulse_clamp = 0.0

[node name="CollisionShape" type="CollisionShape" parent="Riggus Universalis/Skeleton/Physical Bone R_30" index="0"]
shape = SubResource( 32 )

[node name="Physical Bone R_31" type="PhysicalBone" parent="Riggus Universalis/Skeleton" index="58"]
transform = Transform( -0.0963508, 0.985565, 0.139231, 0.109188, -0.128572, 0.985668, 0.98934, 0.11017, -0.0950907, -20.5359, 31.9061, 3.02258 )
joint_type = 1
joint_offset = Transform( 1, 0, 0, 0, 1, 0, 0, 0, 1, 14.8357, 14.6681, 2.98512 )
body_offset = Transform( 0.699102, -0.214122, 0.682288, 0.0903372, -0.920017, -0.381328, 0.709293, 0.328217, -0.623734, -9.2676, 13.293, -13.4752 )
bone_name = "R_31"
joint_constraints/bias = 0.3
joint_constraints/damping = 1.0
joint_constraints/impulse_clamp = 0.0

[node name="CollisionShape" type="CollisionShape" parent="Riggus Universalis/Skeleton/Physical Bone R_31" index="0"]
shape = SubResource( 33 )

[node name="Physical Bone R_40" type="PhysicalBone" parent="Riggus Universalis/Skeleton" index="59"]
transform = Transform( 0.00929594, 0.964619, 0.26347, -0.032794, -0.263046, 0.964225, 0.999415, -0.01759, 0.0291272, -20.2684, 32.9227, 2.03254 )
joint_type = 1
joint_offset = Transform( 1, 0, 0, 0, 1, 0, 0, 0, 1, 16.5952, 11.4906, 4.49004 )
body_offset = Transform( 0.822204, -0.25867, 0.506959, -0.566709, -0.289039, 0.771589, -0.0530449, -0.921704, -0.384238, -12.9486, 9.2614, 13.1964 )
bone_name = "R_40"
joint_constraints/bias = 0.3
joint_constraints/damping = 1.0
joint_constraints/impulse_clamp = 0.0

[node name="CollisionShape" type="CollisionShape" parent="Riggus Universalis/Skeleton/Physical Bone R_40" index="0"]
shape = SubResource( 34 )

[node name="Physical Bone R_41" type="PhysicalBone" parent="Riggus Universalis/Skeleton" index="60"]
transform = Transform( 0.0162939, 0.994182, 0.106513, -0.0526033, -0.105528, 0.993023, 0.998485, -0.0217672, 0.0505223, -20.3839, 32.3168, 2.00844 )
joint_type = 1
joint_offset = Transform( 1, 0, 0, 0, 1, 0, 0, 0, 1, 16.6816, 12.5715, 3.67808 )
body_offset = Transform( 0.677308, -0.441558, 0.588412, -0.281574, -0.894545, -0.347145, 0.679687, 0.0694522, -0.730243, -7.91178, 17.2197, -9.52551 )
bone_name = "R_41"
joint_constraints/bias = 0.3
joint_constraints/damping = 1.0
joint_constraints/impulse_clamp = 0.0

[node name="CollisionShape" type="CollisionShape" parent="Riggus Universalis/Skeleton/Physical Bone R_41" index="0"]
shape = SubResource( 35 )

[node name="Physical Bone R_bicep_IK" type="PhysicalBone" parent="Riggus Universalis/Skeleton" index="61"]
transform = Transform( -0.00105266, 0.727255, 0.686202, -0.00969937, -0.686179, 0.727213, 0.999792, -0.00589383, 0.00778257, -8.84305, 47.2205, -1.0107 )
joint_type = 2
joint_offset = Transform( 1, 0, 0, 0, 1, 0, 0, 0, 1, 5.20247, 0.845535, 4.13118 )
body_offset = Transform( 0.875853, 0.000689949, -0.482263, -0.0167473, 0.999328, -0.0289843, 0.481955, 0.0334662, 0.875417, -2.56487, -0.6381, -6.15215 )
bone_name = "R_bicep_IK"
joint_constraints/swing_span = 45.0
joint_constraints/twist_span = 180.0
joint_constraints/bias = 0.3
joint_constraints/softness = 0.8
joint_constraints/relaxation = 1.0

[node name="CollisionShape" type="CollisionShape" parent="Riggus Universalis/Skeleton/Physical Bone R_bicep_IK" index="0"]
shape = SubResource( 36 )

[node name="Physical Bone R_bicep_FK" type="PhysicalBone" parent="Riggus Universalis/Skeleton" index="62"]
transform = Transform( -0.00105859, 0.727313, 0.686271, -0.00970694, -0.686233, 0.727268, 0.99993, -0.00588609, 0.00778065, -8.84511, 47.2206, -1.01059 )
joint_type = 1
joint_offset = Transform( 1, 0, 0, 0, 1, 0, 0, 0, 1, 5.20164, 0.846957, 4.13222 )
body_offset = Transform( 0.952782, 0.0378528, 0.301206, -0.151415, 0.919192, 0.363462, -0.263124, -0.391905, 0.881543, -6.23274, -1.49281, -1.94212 )
bone_name = "R_bicep_FK"
joint_constraints/bias = 0.3
joint_constraints/damping = 1.0
joint_constraints/impulse_clamp = 0.0

[node name="CollisionShape" type="CollisionShape" parent="Riggus Universalis/Skeleton/Physical Bone R_bicep_FK" index="0"]
shape = SubResource( 37 )

[node name="Physical Bone R_forearn_FK" type="PhysicalBone" parent="Riggus Universalis/Skeleton" index="63"]
transform = Transform( 0.242217, 0.775084, 0.583567, 0.310844, -0.631772, 0.710086, 0.919064, 0.00938955, -0.393952, -15.4961, 39.7301, 0.845732 )
joint_type = 2
joint_offset = Transform( 1, 0, 0, 0, 1, 0, 0, 0, 1, 7.18247, 5.32259, 1.12028 )
body_offset = Transform( 0.603869, -0.316108, 0.731712, -0.00864828, 0.915339, 0.402565, -0.797019, -0.249416, 0.550009, -3.47448, -5.26084, 6.43594 )
bone_name = "R_forearn_FK"
joint_constraints/swing_span = 45.0
joint_constraints/twist_span = 180.0
joint_constraints/bias = 0.3
joint_constraints/softness = 0.8
joint_constraints/relaxation = 1.0

[node name="CollisionShape" type="CollisionShape" parent="Riggus Universalis/Skeleton/Physical Bone R_forearn_FK" index="0"]
shape = SubResource( 38 )

[node name="Physical Bone chest001" type="PhysicalBone" parent="Riggus Universalis/Skeleton" index="64"]
transform = Transform( 0.91621, -0.00458543, -0.400686, -0.400624, 0.010501, -0.916189, 0.00839352, 0.999943, 0.00777883, 3.59689, 52.1115, -6.22048 )
joint_type = 2
joint_offset = Transform( 1, 0, 0, 0, 1, 0, 0, 0, 1, -2.04735, 2.87254, 4.65985 )
body_offset = Transform( 0.932301, -0.361406, -0.0149293, 0.361662, 0.930826, 0.0526316, -0.00512352, -0.0544728, 0.998509, 3.01647, -2.17865, -4.50692 )
bone_name = "chest.001"
joint_constraints/swing_span = 29.52
joint_constraints/twist_span = 180.0
joint_constraints/bias = 0.3
joint_constraints/softness = 0.8
joint_constraints/relaxation = 1.0

[node name="CollisionShape" type="CollisionShape" parent="Riggus Universalis/Skeleton/Physical Bone chest001" index="0"]
shape = SubResource( 39 )

[node name="Physical Bone L_thigh" type="PhysicalBone" parent="Riggus Universalis/Skeleton" index="65"]
transform = Transform( 0.0124096, -0.998213, -0.0581196, -0.107037, -0.0591169, 0.992474, -0.994149, -0.00609677, -0.107582, 4.07302, 26.56, 0.454746 )
joint_type = 1
joint_offset = Transform( 1, 0, 0, 0, 1, 0, 0, 0, 1, -0.293991, 0.481054, 6.53692 )
body_offset = Transform( 0.752984, 0.0869924, -0.652205, -0.0465452, 0.995715, 0.0790735, 0.656334, -0.0291889, 0.753871, 4.44294, -1.00957, -4.721 )
bone_name = "L_thigh"
joint_constraints/bias = 0.3
joint_constraints/damping = 1.0
joint_constraints/impulse_clamp = 0.0

[node name="CollisionShape" type="CollisionShape" parent="Riggus Universalis/Skeleton/Physical Bone L_thigh" index="0"]
shape = SubResource( 40 )

[node name="Physical Bone L_leg" type="PhysicalBone" parent="Riggus Universalis/Skeleton" index="66"]
transform = Transform( -0.0185119, -0.999454, -0.0272589, 0.301291, -0.0315766, 0.953002, -0.953352, 0.00940943, 0.301713, 4.7456, 11.237, -1.07509 )
joint_type = 1
joint_offset = Transform( 1, 0, 0, 0, 1, 0, 0, 0, 1, -8.7067, 1.20143, 14.4463 )
body_offset = Transform( 0.944732, 0.0122663, -0.327586, 0.0148461, 0.996627, 0.0800803, 0.327489, -0.0805234, 0.941404, 12.9432, -2.22499, -10.6517 )
bone_name = "L_leg"
joint_constraints/bias = 0.3
joint_constraints/damping = 1.0
joint_constraints/impulse_clamp = 0.0

[node name="CollisionShape" type="CollisionShape" parent="Riggus Universalis/Skeleton/Physical Bone L_leg" index="0"]
shape = SubResource( 41 )

[node name="Physical Bone L_foot" type="PhysicalBone" parent="Riggus Universalis/Skeleton" index="67"]
transform = Transform( -0.973287, -0.010303, -0.229391, -0.0977886, 0.922468, 0.373492, 0.207755, 0.385946, -0.898832, 5.37593, 3.05024, -1.82429 )
joint_type = 1
joint_offset = Transform( 1, 0, 0, 0, 1, 0, 0, 0, 1, 5.29038, 8.67128, -10.491 )
body_offset = Transform( 0.957869, -0.057955, 0.26013, -0.00778224, 0.963947, 0.243409, -0.266387, -0.23653, 0.928233, -1.83592, -5.76387, 13.1984 )
bone_name = "L_foot"
joint_constraints/bias = 0.3
joint_constraints/damping = 1.0
joint_constraints/impulse_clamp = 0.0

[node name="CollisionShape" type="CollisionShape" parent="Riggus Universalis/Skeleton/Physical Bone L_foot" index="0"]
shape = SubResource( 42 )

[node name="Physical Bone R_thigh" type="PhysicalBone" parent="Riggus Universalis/Skeleton" index="68"]
transform = Transform( 0.0124351, 0.998216, 0.0581201, 0.107139, -0.0591202, 0.992473, 0.994159, -0.0060974, -0.107695, -4.073, 26.5591, 0.455617 )
joint_type = 1
joint_offset = Transform( 1, 0, 0, 0, 1, 0, 0, 0, 1, 0.283877, -0.329479, 6.49065 )
body_offset = Transform( 0.991343, 0.0177461, -0.129953, -0.00198746, 0.992659, 0.120393, 0.131133, -0.1191, 0.984172, 0.567903, -0.453802, -6.46438 )
bone_name = "R_thigh"
joint_constraints/bias = 0.3
joint_constraints/damping = 1.0
joint_constraints/impulse_clamp = 0.0

[node name="CollisionShape" type="CollisionShape" parent="Riggus Universalis/Skeleton/Physical Bone R_thigh" index="0"]
shape = SubResource( 43 )

[node name="Physical Bone R_leg" type="PhysicalBone" parent="Riggus Universalis/Skeleton" index="69"]
transform = Transform( -0.0184973, 0.999423, 0.0272586, -0.301373, -0.0315688, 0.952958, 0.95329, 0.00940956, 0.301777, -4.74558, 11.2368, -1.07359 )
joint_type = 1
joint_offset = Transform( 1, 0, 0, 0, 1, 0, 0, 0, 1, -1.18219, 1.48412, 6.06998 )
body_offset = Transform( 0.91396, 0.0922862, -0.395076, -0.0544376, 0.99279, 0.106015, 0.402016, -0.0754037, 0.912476, 3.34161, -2.18128, -4.95154 )
bone_name = "R_leg"
joint_constraints/bias = 0.3
joint_constraints/damping = 1.0
joint_constraints/impulse_clamp = 0.0

[node name="CollisionShape" type="CollisionShape" parent="Riggus Universalis/Skeleton/Physical Bone R_leg" index="0"]
shape = SubResource( 44 )

[node name="Physical Bone R_foot" type="PhysicalBone" parent="Riggus Universalis/Skeleton" index="70"]
transform = Transform( -0.973266, 0.010307, 0.229389, 0.0977938, 0.922468, 0.373487, -0.20777, 0.385941, -0.898822, -5.37594, 3.05092, -1.8234 )
joint_type = 1
